3 0 0.10002 1.76003e-06 5.25924e-05 
5.3799 0.000525924 0.200099 1.39264e-05 0.000207056 
6.9841 0.00154464 0.300234 4.64311e-05 0.000457615 
8.2771 0.00250559 0.400425 0.000108595 0.000797564 
9.38879 0.00339948 0.500669 0.000209042 0.00121946 
10.378 0.004219 0.600961 0.00035563 0.00171535 
11.2775 0.00495891 0.7013 0.000555411 0.00227695 
12.1075 0.00561599 0.801683 0.000814598 0.00289585 
12.8819 0.006189 0.902105 0.00113857 0.0035637 
13.6106 0.00667844 1.00256 0.00153186 0.00427233 
14.3007 0.00708634 1.10305 0.00199822 0.00501394 
14.9579 0.00741604 1.20357 0.0025406 0.00578112 
15.5866 0.00767183 1.30412 0.00316126 0.006567 
16.1903 0.0078588 1.40469 0.00386177 0.00736525 
16.772 0.0079825 1.50528 0.0046431 0.00817012 
17.3339 0.00804874 1.60589 0.00550566 0.00897647 
17.8782 0.00806347 1.70651 0.00644935 0.00977972 
18.4065 0.00803254 1.80714 0.00747368 0.0105759 
18.9202 0.00796163 1.90778 0.00857772 0.0113615 
19.4205 0.00785607 2.00843 0.00976027 0.0121336 
19.9087 0.00772097 2.10908 0.0110198 0.0128897 
20.3856 0.00756092 2.20974 0.0123546 0.0136277 
20.8519 0.00738024 2.3104 0.0137628 0.014346 
21.3086 0.0071827 2.41106 0.0152422 0.0150432 
21.7561 0.00697178 2.51171 0.0167907 0.0157182 
22.1952 0.0067505 2.61237 0.018406 0.0163704 
22.6262 0.00652157 2.71302 0.0200858 0.0169991 
23.0497 0.00628728 2.81367 0.0218275 0.0176041 
23.466 0.00604967 2.91432 0.0236289 0.0181851 
23.8756 0.00581048 3.01496 0.0254875 0.0187422 
24.2788 0.00557119 3.11559 0.0274008 0.0192755 
24.6759 0.00533307 3.21622 0.0293666 0.0197852 
25.0672 0.00509705 3.31684 0.0313823 0.0202717 
25.4529 0.00486419 3.41745 0.0334457 0.0207351 
25.8333 0.00463495 3.51806 0.0355545 0.0211762 
26.2087 0.00441013 3.61865 0.0377063 0.0215952 
26.5792 0.00419002 3.71924 0.0398991 0.0219927 
26.945 0.00397503 3.81983 0.0421306 0.0223692 
27.3063 0.00376541 3.9204 0.0443989 0.0227253 
27.6632 0.00356136 4.02097 0.0467017 0.0230616 
28.016 0.00336301 4.12152 0.0490373 0.0233787 
28.3648 0.00317032 4.22207 0.0514036 0.023677 
28.7096 0.00298334 4.32262 0.0537988 0.0239572 
29.0507 0.00280228 4.42315 0.0562211 0.0242199 
29.3882 0.00262668 4.52367 0.0586688 0.0244656 
29.7221 0.00245685 4.62419 0.0611402 0.0246948 
30.0526 0.00229245 4.7247 0.0636336 0.0249082 
30.3798 0.00213357 4.8252 0.0661475 0.0251062 
30.7037 0.00197984 4.9257 0.0686804 0.0252893 
31.0245 0.00183132 5.02618 0.0712307 0.0254581 
31.3423 0.00168774 5.12666 0.0737972 0.025613 
31.6572 0.00154911 5.22713 0.0763783 0.0257545 
31.9691 0.0014152 5.32759 0.0789728 0.0258831 
32.2782 0.00128578 5.42805 0.0815795 0.0259992 
32.5847 0.00116076 5.5285 0.084197 0.0261032 
32.8884 0.00104008 5.62894 0.0868242 0.0261955 
33.1896 0.000923481 5.72938 0.0894599 0.0262766 
33.4882 0.000810772 5.8298 0.092103 0.0263468 
33.7844 0.000701994 5.93023 0.0947525 0.0264065 
34.0782 0.000596754 6.03064 0.0974073 0.026456 
34.3696 0.000495221 6.13105 0.100066 0.0264957 
34.6587 0.000397004 6.23145 0.102729 0.0265259 
34.9456 0.000302028 6.33185 0.105394 0.0265469 
35.2303 0.000210255 6.43224 0.10806 0.0265591 
35.5128 0.000121556 6.53263 0.110727 0.0265627 
35.7932 3.56883e-05 6.63301 0.113394 0.0265579 
36.0714 -4.73857e-05 6.73338 0.11606 0.0265451 
36.3474 -0.000127796 6.83375 0.118724 0.0265246 
36.6212 -0.000205617 6.93411 0.121385 0.0264965 
36.8928 -0.000280868 7.03447 0.124043 0.0264611 
37.1624 -0.000353716 7.13482 0.126697 0.0264187 
37.4299 -0.000424478 7.23517 0.129346 0.0263694 
37.6954 -0.00049293 7.33552 0.13199 0.0263135 
37.959 -0.000559147 7.43585 0.134628 0.0262511 
38.2206 -0.000623576 7.53619 0.137259 0.0261825 
38.4804 -0.0006859 7.63652 0.139883 0.0261079 
38.7384 -0.000746455 7.73684 0.142499 0.0260274 
38.9946 -0.000804998 7.83716 0.145106 0.0259412 
39.249 -0.000862032 7.93748 0.147704 0.0258494 
39.5017 -0.00091739 8.03779 0.150293 0.0257523 
39.7527 -0.000971034 8.1381 0.152872 0.02565 
40.0021 -0.00102324 8.2384 0.15544 0.0255426 
40.2499 -0.00107393 8.3387 0.157997 0.0254303 
40.4961 -0.00112321 8.439 0.160542 0.0253132 
40.7407 -0.00117116 8.53929 0.163075 0.0251914 
40.9839 -0.00121767 8.63958 0.165596 0.0250651 
41.2255 -0.0012631 8.73986 0.168104 0.0249344 
41.4657 -0.00130724 8.84014 0.170598 0.0247993 
41.7044 -0.00135016 8.94042 0.173078 0.0246601 
41.9417 -0.00139199 9.0407 0.175544 0.0245169 
42.1776 -0.00143277 9.14097 0.177996 0.0243696 
42.4122 -0.00147255 9.24123 0.180432 0.0242185 
42.6454 -0.00151122 9.3415 0.182853 0.0240636 
42.8773 -0.00154899 9.44176 0.185258 0.023905 
43.108 -0.00158571 9.54202 0.187647 0.0237429 
43.3373 -0.00162164 9.64228 0.19002 0.0235772 
43.5654 -0.00165671 9.74253 0.192376 0.0234081 
43.7923 -0.00169098 9.84278 0.194714 0.0232357 
44.018 -0.00172436 9.94303 0.197035 0.0230599 
44.2424 -0.00175707 10.0433 0.199338 0.0228811 
44.4657 -0.00178896 10.1435 0.201623 0.022699 
44.6879 -0.00182016 10.2438 0.20389 0.022514 
44.9089 -0.00185061 10.344 0.206137 0.0223259 
45.1288 -0.0018806 10.4442 0.208366 0.022135 
45.3476 -0.00190955 10.5445 0.210575 0.0219411 
45.5653 -0.00193829 10.6447 0.212765 0.0217445 
45.7819 -0.00196619 10.7449 0.214935 0.0215451 
45.9975 -0.00199368 10.8451 0.217084 0.0213431 
46.2121 -0.0020203 10.9454 0.219213 0.0211384 
46.4256 -0.00204684 11.0456 0.221322 0.0209312 
46.6381 -0.00207247 11.1458 0.223409 0.0207214 
46.8496 -0.00209777 11.246 0.225476 0.0205092 
47.0602 -0.00212254 11.3462 0.227521 0.0202945 
47.2698 -0.00214692 11.4464 0.229544 0.0200774 
47.4784 -0.00217076 11.5467 0.231545 0.019858 
47.6861 -0.00219421 11.6469 0.233524 0.0196362 
47.8929 -0.00221722 11.7471 0.235481 0.0194123 
48.0988 -0.00223979 11.8473 0.237415 0.0191861 
48.3037 -0.00226194 11.9475 0.239326 0.0189577 
48.5078 -0.0022839 12.0477 0.241214 0.0187271 
48.711 -0.0023053 12.1479 0.243079 0.0184945 
48.9133 -0.0023265 12.2481 0.244921 0.0182598 
49.1148 -0.00234734 12.3483 0.246739 0.018023 
49.3154 -0.00236761 12.4485 0.248533 0.0177842 
49.5152 -0.00238772 12.5486 0.250303 0.0175435 
49.7141 -0.00240762 12.6488 0.252049 0.0173008 
49.9123 -0.00242712 12.749 0.25377 0.0170561 
50.1096 -0.00244634 12.8492 0.255466 0.0168096 
50.3062 -0.00246529 12.9494 0.257138 0.0165612 
50.5019 -0.00248402 13.0496 0.258785 0.016311 
50.6969 -0.00250226 13.1498 0.260407 0.0160589 
50.8912 -0.0025207 13.2499 0.262003 0.0158051 
51.0846 -0.00253838 13.3501 0.263574 0.0155494 
51.2774 -0.00255618 13.4503 0.265118 0.0152921 
51.4693 -0.00257374 13.5505 0.266638 0.015033 
51.6606 -0.00259091 13.6507 0.26813 0.0147722 
51.8511 -0.0026077 13.7508 0.269597 0.0145097 
52.0409 -0.00262484 13.851 0.271038 0.0142456 
52.23 -0.0026414 13.9512 0.272451 0.0139798 
52.4185 -0.00265769 14.0513 0.273838 0.0137124 
52.6062 -0.00267411 14.1515 0.275199 0.0134434 
52.6832 -0.00269006 14.2517 0.276532 0.0131728 
52.5896 -0.00270596 14.3518 0.277838 0.0129006 
52.4958 -0.0027218 14.452 0.279116 0.0126269 
52.4019 -0.00273732 14.5522 0.280367 0.0123516 
52.3077 -0.00275264 14.6523 0.281591 0.0120748 
52.2135 -0.00276789 14.7525 0.282786 0.0117965 
52.119 -0.00278318 14.8526 0.283954 0.0115167 
52.0244 -0.00279807 14.9528 0.285093 0.0112354 
51.9297 -0.00281294 15.053 0.286204 0.0109527 
51.8347 -0.0028276 15.1531 0.287287 0.0106684 
51.7396 -0.00284221 15.2533 0.288341 0.0103828 
51.6444 -0.00285672 15.3534 0.289367 0.0100957 
51.549 -0.00287088 15.4536 0.290364 0.00980714 
51.4534 -0.00288532 15.5537 0.291331 0.00951719 
51.3576 -0.00289956 15.6539 0.29227 0.00922585 
51.2616 -0.00291333 15.754 0.293179 0.00893311 
51.1655 -0.00292739 15.8542 0.294059 0.00863901 
51.0692 -0.00294106 15.9543 0.29491 0.00834351 
50.9728 -0.00295497 16.0545 0.29573 0.00804665 
50.8761 -0.00296856 16.1546 0.296521 0.00774845 
50.7793 -0.002982 16.2547 0.297282 0.0074489 
50.6823 -0.00299557 16.3549 0.298013 0.00714801 
50.5851 -0.0030089 16.455 0.298714 0.00684577 
50.4878 -0.00302239 16.5552 0.299384 0.00654222 
50.3902 -0.00303553 16.6553 0.300024 0.00623734 
50.2925 -0.00304872 16.7554 0.300633 0.00593117 
50.1946 -0.00306169 16.8556 0.301212 0.00562368 
50.0965 -0.0030749 16.9557 0.30176 0.00531492 
49.9983 -0.00308767 17.0558 0.302276 0.00500485 
49.8998 -0.0031007 17.156 0.302762 0.00469349 
49.8012 -0.00311361 17.2561 0.303216 0.00438084 
49.7023 -0.00312646 17.3562 0.303639 0.00406694 
49.6033 -0.00313899 17.4564 0.304031 0.00375174 
49.5041 -0.00315197 17.5565 0.30439 0.0034353 
49.4065 -0.00316443 17.6566 0.304718 0.00311759 
49.3076 -0.00317715 17.7567 0.305015 0.00279861 
49.2102 -0.00318973 17.8569 0.305279 0.00247839 
49.1137 -0.00320228 17.957 0.305511 0.00215691 
49.018 -0.0032148 18.0571 0.305711 0.0018342 
48.9245 -0.00322709 18.1572 0.305878 0.00151024 
48.8303 -0.00323955 18.2574 0.306013 0.00118503 
48.7363 -0.00325207 18.3575 0.306115 0.000858597 
48.6443 -0.00326437 18.4576 0.306185 0.000530933 
48.5532 -0.00327664 18.5577 0.306222 0.000202026 
48.4613 -0.00328907 18.6578 0.306225 -0.000128093 
48.3723 -0.00330119 18.7579 0.306196 -0.000459459 
48.2812 -0.00331366 18.8581 0.306133 -0.000792041 
48.1929 -0.00332582 18.9582 0.306037 -0.00112585 
48.1045 -0.00333805 19.0583 0.305908 -0.00146089 
48.0155 -0.00335044 19.1584 0.305745 -0.00179714 
47.9292 -0.00336251 19.2585 0.305548 -0.0021346 
47.8435 -0.00337457 19.3586 0.305317 -0.00247329 
47.7564 -0.00338689 19.4587 0.305053 -0.00281319 
47.6707 -0.00339908 19.5588 0.304754 -0.0031543 
47.5869 -0.00341106 19.6589 0.304421 -0.00349663 
47.5018 -0.0034233 19.759 0.304054 -0.00384017 
47.4179 -0.00343542 19.8591 0.303652 -0.00418493 
47.334 -0.00344761 19.9592 0.303216 -0.00453091 
47.2506 -0.00345978 20.0594 0.302745 -0.00487809 
47.1691 -0.00347175 20.1595 0.302239 -0.00522649 
47.0858 -0.00348405 20.2596 0.301699 -0.00557612 
47.0035 -0.00349626 20.3596 0.301123 -0.00592693 
46.9238 -0.00350815 20.4597 0.300512 -0.00627899 
46.8408 -0.00352059 20.5598 0.299866 -0.00663224 
46.7622 -0.00353244 20.6599 0.299184 -0.00698671 
46.6809 -0.00354475 20.76 0.298467 -0.00734239 
46.6016 -0.00355683 20.8601 0.297715 -0.00769932 
46.5203 -0.00356928 20.9602 0.296926 -0.00805745 
46.4424 -0.00358125 21.0603 0.296101 -0.00841682 
46.3618 -0.00359372 21.1604 0.295241 -0.00877737 
46.2861 -0.00360548 21.2605 0.294344 -0.00913917 
46.2058 -0.00361803 21.3606 0.293411 -0.00950218 
46.1289 -0.0036301 21.4607 0.292442 -0.0098664 
46.0519 -0.00364224 21.5607 0.291436 -0.0102319 
45.9726 -0.00365482 21.6608 0.290394 -0.0105986 
45.8955 -0.00366712 21.7609 0.289315 -0.0109665 
45.8193 -0.00367932 21.861 0.288199 -0.0113357 
45.7422 -0.00369173 21.9611 0.287046 -0.0117061 
45.6681 -0.00370372 22.0612 0.285855 -0.0120777 
45.5897 -0.00371648 22.1612 0.284628 -0.0124506 
45.5143 -0.00372879 22.2613 0.283363 -0.0128247 
45.4381 -0.00374132 22.3614 0.282061 -0.0132001 
45.3624 -0.00375381 22.4615 0.280721 -0.0135767 
45.2901 -0.0037658 22.5615 0.279343 -0.0139546 
45.2115 -0.00377891 22.6616 0.277928 -0.0143337 
45.138 -0.00379123 22.7617 0.276474 -0.0147141 
45.0644 -0.00380362 22.8617 0.274983 -0.0150957 
44.9895 -0.00381629 22.9618 0.273453 -0.0154786 
44.9129 -0.00382932 23.0619 0.271885 -0.0158628 
44.8419 -0.00384145 23.1619 0.270278 -0.0162482 
44.7663 -0.00385445 23.262 0.268632 -0.0166349 
44.6931 -0.00386707 23.3621 0.266948 -0.0170229 
44.62 -0.00387976 23.4621 0.265226 -0.0174122 
44.5462 -0.00389263 23.5622 0.263463 -0.0178027 
44.4719 -0.00390565 23.6622 0.261662 -0.0181946 
44.4007 -0.00391819 23.7623 0.259822 -0.0185877 
44.3252 -0.00393154 23.8624 0.257942 -0.0189821 
44.2549 -0.00394404 23.9624 0.256023 -0.0193778 
44.1815 -0.00395715 24.0625 0.254064 -0.0197748 
44.1088 -0.00397021 24.1625 0.252066 -0.0201732 
44.0352 -0.00398349 24.2626 0.250027 -0.0205728 
43.9637 -0.00399647 24.3626 0.247948 -0.0209738 
43.89 -0.0040099 24.4627 0.245829 -0.0213761 
43.8198 -0.00402275 24.5627 0.243671 -0.0217797 
43.748 -0.00403598 24.6627 0.241471 -0.0221847 
43.6743 -0.0040496 24.7628 0.239231 -0.022591 
43.6029 -0.00406288 24.8628 0.23695 -0.0229986 
43.5319 -0.00407614 24.9629 0.234629 -0.0234075 
43.4597 -0.0040897 25.0629 0.232266 -0.0238179 
43.3883 -0.00410317 25.1629 0.229862 -0.0242295 
43.3158 -0.00411691 25.263 0.227417 -0.0246426 
43.2449 -0.00413042 25.363 0.224931 -0.025057 
43.1748 -0.00414385 25.463 0.222403 -0.0254728 
43.1014 -0.00415796 25.5631 0.219834 -0.0258899 
43.0316 -0.00417147 25.6631 0.217222 -0.0263085 
42.96 -0.00418538 25.7631 0.214569 -0.0267284 
42.8881 -0.00419943 25.8631 0.211874 -0.0271497 
42.819 -0.00421301 25.9632 0.209137 -0.0275724 
42.7464 -0.00422733 26.0632 0.206357 -0.0279965 
42.6771 -0.00424106 26.1632 0.203535 -0.0284221 
42.6056 -0.00425531 26.2632 0.20067 -0.028849 
42.5343 -0.00426959 26.3632 0.197762 -0.0292774 
42.4639 -0.00428375 26.4633 0.194812 -0.0297072 
42.3932 -0.00429805 26.5633 0.191819 -0.0301385 
42.3218 -0.00431256 26.6633 0.188782 -0.0305711 
42.253 -0.00432663 26.7633 0.185702 -0.0310053 
42.1814 -0.00434132 26.8633 0.182579 -0.0314408 
42.1111 -0.00435583 26.9633 0.179412 -0.0318779 
42.0401 -0.00437055 27.0633 0.176201 -0.0323165 
41.9681 -0.00438556 27.1633 0.172946 -0.0327564 
41.9022 -0.00439938 27.2633 0.169647 -0.0331979 
41.8291 -0.00441477 27.3633 0.166304 -0.0336408 
41.7587 -0.00442967 27.4633 0.162917 -0.0340853 
41.6886 -0.00444457 27.5633 0.159485 -0.0345312 
41.6184 -0.00445958 27.6632 0.156008 -0.0349787 
41.5483 -0.00447463 27.7632 0.152487 -0.0354277 
41.4759 -0.00449028 27.8632 0.148921 -0.0358782 
41.4086 -0.00450488 27.9632 0.145309 -0.0363303 
41.3365 -0.0045206 28.0632 0.141653 -0.0367839 
41.2654 -0.00453621 28.1632 0.137951 -0.037239 
41.1974 -0.00455119 28.2631 0.134203 -0.0376957 
41.1281 -0.00456654 28.3631 0.13041 -0.038154 
41.0537 -0.00458311 28.4631 0.12657 -0.0386138 
40.9861 -0.00459824 28.5631 0.122685 -0.0390752 
40.9164 -0.00461392 28.663 0.118754 -0.0395382 
40.8444 -0.0046302 28.763 0.114776 -0.0400028 
40.7773 -0.00464544 28.863 0.110752 -0.040469 
40.7049 -0.00466198 28.9629 0.106681 -0.0409368 
40.6344 -0.00467818 29.0629 0.102563 -0.0414062 
40.5661 -0.00469394 29.1628 0.0983989 -0.0418772 
40.4952 -0.00471041 29.2628 0.0941869 -0.0423499 
40.4246 -0.00472687 29.3627 0.0899279 -0.0428242 
40.355 -0.00474319 29.4627 0.0856209 -0.0433002 
40.2856 -0.00475954 29.5626 0.0812672 -0.0437779 
40.2123 -0.0047769 29.6626 0.076865 -0.0442572 
40.1454 -0.00479285 29.7625 0.0724152 -0.0447382 
40.0739 -0.00480995 29.8624 0.0679169 -0.0452208 
40.0038 -0.00482682 29.9624 0.0633708 -0.0457052 
39.9322 -0.00484414 30.0623 0.0587755 -0.0461913 
39.8633 -0.00486091 30.1622 0.054132 -0.0466791 
39.7937 -0.00487793 30.2622 0.0494394 -0.0471686 
39.7238 -0.00489511 30.3621 0.0446982 -0.0476599 
39.6533 -0.00491254 30.462 0.0399081 -0.0481529 
39.5824 -0.00493016 30.5619 0.0350683 -0.0486477 
39.5123 -0.00494767 30.6618 0.0301791 -0.0491442 
39.4405 -0.0049657 30.7617 0.0252398 -0.0496426 
39.3716 -0.0049831 30.8616 0.0202508 -0.0501426 
39.3023 -0.00500068 30.9616 0.0152121 -0.0506446 
39.2287 -0.00501946 31.0615 0.0101234 -0.0511483 
39.1605 -0.00503697 31.1614 0.00498384 -0.0516538 
39.0908 -0.00505492 31.2613 -0.00020647 -0.0521611 
39.0205 -0.00507317 31.3611 -0.00544739 -0.0526702 
38.9494 -0.00509169 31.461 -0.0107389 -0.0531813 
38.878 -0.00511043 31.5609 -0.0160815 -0.0536942 
38.8063 -0.00512931 31.6608 -0.0214758 -0.0542089 
38.7396 -0.00514701 31.7607 -0.0269216 -0.0547256 
38.6646 -0.00516698 31.8606 -0.0324192 -0.0552441 
38.5969 -0.00518512 31.9604 -0.0379679 -0.0557645 
38.5272 -0.0052039 32.0603 -0.0435688 -0.0562869 
38.4553 -0.00522338 32.1602 -0.0492226 -0.0568111 
38.385 -0.00524253 32.26 -0.0549283 -0.0573373 
38.3142 -0.00526194 32.3599 -0.0606866 -0.0578654 
38.2437 -0.00528134 32.4598 -0.066498 -0.0583955 
38.1727 -0.00530101 32.5596 -0.0723622 -0.0589276 
38.1029 -0.00532046 32.6595 -0.0782795 -0.0594616 
38.0312 -0.00534054 32.7593 -0.0842506 -0.0599977 
37.9591 -0.00536084 32.8591 -0.0902752 -0.0605357 
37.8907 -0.00538021 32.959 -0.0963531 -0.0610758 
37.8178 -0.00540096 33.0588 -0.102485 -0.061618 
37.7475 -0.00542112 33.1587 -0.108671 -0.0621621 
37.6775 -0.00544127 33.2585 -0.114913 -0.0627083 
37.605 -0.00546228 33.3583 -0.121208 -0.0632566 
37.535 -0.00548266 33.4581 -0.127558 -0.0638069 
37.4641 -0.00550345 33.5579 -0.133963 -0.0643593 
37.3955 -0.00552364 33.6578 -0.140424 -0.0649139 
37.3191 -0.00554629 33.7576 -0.146939 -0.0654706 
37.2513 -0.00556648 33.8574 -0.153511 -0.0660293 
37.1803 -0.00558779 33.9572 -0.160138 -0.0665903 
37.1066 -0.00560999 34.057 -0.166821 -0.0671534 
37.0383 -0.0056307 34.1567 -0.173561 -0.0677187 
36.9657 -0.00565283 34.2565 -0.180357 -0.0682862 
36.8943 -0.00567473 34.3563 -0.18721 -0.0688558 
36.8228 -0.00569679 34.4561 -0.19412 -0.0694277 
36.7518 -0.00571884 34.5559 -0.201087 -0.0700019 
36.6797 -0.00574134 34.6556 -0.208111 -0.0705782 
36.6082 -0.00576377 34.7554 -0.215193 -0.0711569 
36.5375 -0.00578612 34.8551 -0.222333 -0.0717377 
36.4662 -0.00580877 34.9549 -0.22953 -0.0723209 
36.3939 -0.00583187 35.0547 -0.236786 -0.0729065 
36.3206 -0.00585541 35.1544 -0.244101 -0.0734943 
36.2508 -0.00587799 35.2541 -0.251473 -0.0740844 
36.1798 -0.00590108 35.3539 -0.258906 -0.0746768 
36.1076 -0.0059247 35.4536 -0.266397 -0.0752717 
36.0354 -0.00594847 35.5533 -0.273948 -0.075869 
35.9619 -0.00597283 35.6531 -0.281559 -0.0764686 
35.8918 -0.00599615 35.7528 -0.289229 -0.0770706 
35.82 -0.00602022 35.8525 -0.296959 -0.0776751 
35.7465 -0.00604503 35.9522 -0.30475 -0.078282 
35.6762 -0.00606887 36.0519 -0.312601 -0.0788914 
35.6035 -0.00609368 36.1516 -0.320513 -0.0795032 
35.5321 -0.00611819 36.2513 -0.328486 -0.0801175 
35.4592 -0.00614338 36.351 -0.33652 -0.0807344 
35.3861 -0.00616878 36.4506 -0.344617 -0.0813537 
35.3158 -0.00619337 36.5503 -0.352775 -0.0819756 
35.2427 -0.00621907 36.65 -0.360995 -0.0826001 
35.1695 -0.006245 36.7496 -0.369277 -0.0832272 
35.0982 -0.00627041 36.8493 -0.377622 -0.0838568 
35.0269 -0.00629596 36.9489 -0.38603 -0.084489 
34.9537 -0.00632234 37.0486 -0.394501 -0.0851239 
34.8802 -0.00634901 37.1482 -0.403035 -0.0857615 
34.8072 -0.00637569 37.2479 -0.411632 -0.0864017 
34.7356 -0.00640199 37.3475 -0.420294 -0.0870446 
34.6633 -0.00642873 37.4471 -0.42902 -0.0876901 
34.5902 -0.00645593 37.5467 -0.43781 -0.0883385 
34.517 -0.00648335 37.6463 -0.446666 -0.0889896 
34.4442 -0.00651076 37.7459 -0.455586 -0.0896434 
34.3723 -0.00653803 37.8455 -0.46457 -0.0903 
34.2987 -0.00656612 37.9451 -0.473622 -0.0909594 
34.2264 -0.00659391 38.0447 -0.482738 -0.0916216 
34.1529 -0.0066223 38.1443 -0.49192 -0.0922866 
34.0805 -0.00665046 38.2439 -0.501169 -0.0929546 
34.0056 -0.00667982 38.3434 -0.510484 -0.0936254 
33.9354 -0.00670746 38.443 -0.519866 -0.094299 
33.862 -0.00673659 38.5425 -0.529316 -0.0949757 
33.7875 -0.00676632 38.6421 -0.538833 -0.0956552 
33.7146 -0.0067956 38.7416 -0.548417 -0.0963377 
33.6413 -0.00682525 38.8411 -0.55807 -0.0970233 
33.567 -0.0068555 38.9407 -0.567791 -0.0977118 
33.4957 -0.00688471 39.0402 -0.577581 -0.0984034 
33.4195 -0.00691615 39.1397 -0.587439 -0.099098 
33.3476 -0.00694603 39.2392 -0.597368 -0.0997956 
33.2748 -0.00697643 39.3387 -0.607365 -0.100496 
33.1992 -0.00700824 39.4382 -0.617431 -0.1012 
33.1283 -0.00703827 39.5377 -0.627569 -0.101907 
33.0528 -0.00707045 39.6371 -0.637777 -0.102618 
32.9789 -0.00710219 39.7366 -0.648055 -0.103331 
32.9065 -0.00713348 39.8361 -0.658405 -0.104047 
32.8327 -0.0071656 39.9355 -0.668826 -0.104767 
32.7588 -0.00719793 40.0349 -0.679319 -0.10549 
32.6836 -0.00723109 40.1344 -0.689883 -0.106217 
32.6113 -0.0072632 40.2338 -0.700521 -0.106946 
32.5365 -0.00729665 40.3332 -0.71123 -0.107679 
32.4613 -0.00733048 40.4326 -0.722013 -0.108416 
32.3885 -0.00736348 40.532 -0.73287 -0.109155 
32.3148 -0.00739709 40.6314 -0.743798 -0.109899 
32.2409 -0.00743106 40.7308 -0.754803 -0.110645 
32.1665 -0.00746548 40.8302 -0.76588 -0.111395 
32.09 -0.0075011 40.9295 -0.777034 -0.112149 
32.0171 -0.00753529 41.0289 -0.788261 -0.112906 
31.942 -0.00757076 41.1282 -0.799564 -0.113666 
31.8692 -0.0076054 41.2276 -0.810944 -0.11443 
31.7948 -0.00764102 41.3269 -0.822398 -0.115198 
31.719 -0.0076776 41.4262 -0.833929 -0.11597 
31.644 -0.00771403 41.5255 -0.845537 -0.116745 
31.5727 -0.0077489 41.6248 -0.857221 -0.117523 
31.4941 -0.00778764 41.7241 -0.868984 -0.118306 
31.421 -0.00782393 41.8234 -0.880825 -0.119092 
31.3469 -0.00786096 41.9227 -0.892744 -0.119882 
31.2714 -0.00789896 42.0219 -0.904741 -0.120675 
31.1987 -0.00793584 42.1212 -0.916816 -0.121473 
31.1209 -0.00797555 42.2204 -0.928971 -0.122274 
31.048 -0.00801302 42.3197 -0.941205 -0.123079 
30.9717 -0.00805259 42.4189 -0.95352 -0.123888 
30.9003 -0.00808984 42.5181 -0.965915 -0.124701 
30.8222 -0.00813089 42.6173 -0.97839 -0.125518 
30.7472 -0.0081706 42.7165 -0.990948 -0.12634 
30.6712 -0.00821114 42.8157 -1.00359 -0.127165 
30.5969 -0.00825107 42.9148 -1.01631 -0.127994 
30.5217 -0.00829175 43.014 -1.02911 -0.128827 
30.4455 -0.00833333 43.1131 -1.042 -0.129665 
30.3728 -0.00837326 43.2123 -1.05497 -0.130506 
30.2969 -0.00841528 43.3114 -1.06802 -0.131352 
30.2191 -0.00845864 43.4105 -1.08116 -0.132202 
30.1457 -0.00849992 43.5096 -1.09438 -0.133056 
30.0683 -0.00854373 43.6087 -1.10768 -0.133915 
29.9951 -0.00858545 43.7078 -1.12107 -0.134778 
29.9186 -0.00862941 43.8068 -1.13455 -0.135645 
29.8417 -0.00867397 43.9059 -1.14811 -0.136517 
29.7676 -0.00871718 44.0049 -1.16176 -0.137393 
29.6916 -0.00876188 44.1039 -1.1755 -0.138274 
29.6161 -0.00880659 44.203 -1.18932 -0.139159 
29.5388 -0.00885278 44.302 -1.20323 -0.140049 
29.4669 -0.00889599 44.4009 -1.21723 -0.140943 
29.3866 -0.00894472 44.4999 -1.23132 -0.141842 
29.3115 -0.00899062 44.5989 -1.2455 -0.142746 
29.2369 -0.00903651 44.6978 -1.25976 -0.143654 
29.1594 -0.00908464 44.7968 -1.27412 -0.144567 
29.0865 -0.00913024 44.8957 -1.28857 -0.145485 
29.0085 -0.00917941 44.9946 -1.30311 -0.146408 
28.9306 -0.00922889 45.0935 -1.31774 -0.147336 
28.8548 -0.00927746 45.1924 -1.33246 -0.148268 
28.7809 -0.00932515 45.2912 -1.34727 -0.149206 
28.7039 -0.00937521 45.3901 -1.36218 -0.150149 
28.6262 -0.00942618 45.4889 -1.37718 -0.151096 
28.551 -0.00947595 45.5877 -1.39228 -0.152049 
28.4747 -0.00952676 45.6865 -1.40746 -0.153007 
28.3987 -0.00957787 45.7853 -1.42275 -0.15397 
28.3221 -0.00962973 45.8841 -1.43813 -0.154938 
28.2446 -0.00968263 45.9829 -1.4536 -0.155911 
28.166 -0.00973672 46.0816 -1.46917 -0.15689 
28.0928 -0.00978753 46.1803 -1.48484 -0.157874 
28.0164 -0.00984102 46.279 -1.5006 -0.158864 
27.9389 -0.00989571 46.3777 -1.51647 -0.159859 
27.862 -0.0099504 46.4764 -1.53243 -0.160859 
27.7868 -0.0100043 46.5751 -1.54849 -0.161866 
27.7058 -0.0100629 46.6737 -1.56465 -0.162877 
27.6326 -0.0101162 46.7724 -1.58091 -0.163895 
27.5546 -0.0101736 46.871 -1.59727 -0.164918 
27.4769 -0.0102313 46.9696 -1.61373 -0.165947 
27.4009 -0.0102881 47.0682 -1.63029 -0.166981 
27.3253 -0.0103451 47.1667 -1.64696 -0.168022 
27.2455 -0.0104058 47.2652 -1.66372 -0.169068 
27.1713 -0.0104627 47.3638 -1.6806 -0.170121 
27.0892 -0.0105262 47.4623 -1.69757 -0.171179 
27.0169 -0.0105827 47.5608 -1.71465 -0.172243 
26.9381 -0.0106446 47.6592 -1.73184 -0.173314 
26.8611 -0.0107057 47.7577 -1.74913 -0.174391 
26.7839 -0.0107676 47.8561 -1.76652 -0.175473 
26.7089 -0.0108281 47.9545 -1.78403 -0.176563 
26.6275 -0.0108944 48.0529 -1.80164 -0.177658 
26.5532 -0.0109555 48.1513 -1.81936 -0.178761 
26.4721 -0.0110227 48.2497 -1.83718 -0.179869 
26.3989 -0.0110839 48.348 -1.85512 -0.180984 
26.3206 -0.0111499 48.4463 -1.87317 -0.182106 
26.2408 -0.0112179 48.5446 -1.89132 -0.183234 
26.1642 -0.0112836 48.6429 -1.90959 -0.184369 
26.0887 -0.011349 48.7411 -1.92797 -0.185511 
26.0086 -0.0114191 48.8393 -1.94646 -0.18666 
25.9331 -0.0114857 48.9375 -1.96507 -0.187815 
25.8537 -0.0115563 49.0357 -1.98379 -0.188978 
25.7769 -0.0116253 49.1339 -2.00262 -0.190147 
25.6986 -0.0116962 49.232 -2.02157 -0.191324 
25.6197 -0.0117683 49.3301 -2.04064 -0.192508 
25.545 -0.0118373 49.4282 -2.05982 -0.193699 
25.4659 -0.0119109 49.5263 -2.07911 -0.194897 
25.3887 -0.0119835 49.6243 -2.09853 -0.196103 
25.3092 -0.0120589 49.7224 -2.11806 -0.197317 
25.2317 -0.0121331 49.8204 -2.13772 -0.198537 
25.1541 -0.0122081 49.9183 -2.15749 -0.199766 
25.0763 -0.0122839 50.0163 -2.17739 -0.201002 
24.9976 -0.0123614 50.1142 -2.1974 -0.202246 
24.9219 -0.0124367 50.2121 -2.21754 -0.203497 
24.8415 -0.0125173 50.31 -2.2378 -0.204757 
24.7648 -0.0125949 50.4078 -2.25818 -0.206024 
24.6874 -0.012674 50.5056 -2.27869 -0.2073 
24.6076 -0.0127563 50.6034 -2.29932 -0.208584 
24.5304 -0.0128368 50.7012 -2.32008 -0.209875 
24.4519 -0.0129193 50.7989 -2.34097 -0.211176 
24.3732 -0.0130029 50.8966 -2.36198 -0.212484 
24.2969 -0.0130847 50.9943 -2.38312 -0.213801 
24.2158 -0.0131725 51.0919 -2.40439 -0.215127 
24.1415 -0.0132537 51.1896 -2.42579 -0.216461 
24.0614 -0.0133421 51.2872 -2.44732 -0.217804 
23.9824 -0.0134301 51.3847 -2.46898 -0.219156 
23.9058 -0.0135162 51.4822 -2.49077 -0.220517 
23.8251 -0.013608 51.5798 -2.5127 -0.221886 
23.7484 -0.0136961 51.6772 -2.53476 -0.223265 
23.6692 -0.0137879 51.7747 -2.55695 -0.224653 
23.5923 -0.0138779 51.8721 -2.57928 -0.22605 
23.5139 -0.0139706 51.9695 -2.60175 -0.227456 
23.4339 -0.0140661 52.0668 -2.62435 -0.228872 
23.357 -0.0141589 52.1641 -2.64709 -0.230298 
23.2767 -0.0142568 52.2614 -2.66998 -0.231733 
23.1994 -0.0143519 52.3586 -2.693 -0.233178 
23.1207 -0.0144498 52.4558 -2.71616 -0.234633 
23.0434 -0.014547 52.553 -2.73946 -0.236098 
22.964 -0.0146477 52.6502 -2.76291 -0.237572 
22.8853 -0.0147486 52.7473 -2.7865 -0.239057 
22.8067 -0.0148505 52.8443 -2.81023 -0.240553 
22.7285 -0.0149529 52.9414 -2.83412 -0.242058 
22.6503 -0.0150563 53.0384 -2.85814 -0.243575 
22.5714 -0.0151616 53.1353 -2.88232 -0.245101 
22.4943 -0.0152658 53.2323 -2.90664 -0.246639 
22.4151 -0.0153738 53.3291 -2.93111 -0.248187 
22.3358 -0.0154832 53.426 -2.95573 -0.249746 
22.2559 -0.0155947 53.5228 -2.98051 -0.251317 
22.1787 -0.0157033 53.6196 -3.00543 -0.252898 
22.101 -0.015814 53.7163 -3.03051 -0.254491 
22.0216 -0.0159281 53.813 -3.05575 -0.256095 
21.9425 -0.0160432 53.9096 -3.08114 -0.257711 
21.8657 -0.0161561 54.0062 -3.10668 -0.259338 
21.7863 -0.0162742 54.1028 -3.13238 -0.260977 
21.7093 -0.0163898 54.1993 -3.15824 -0.262628 
21.6286 -0.0165123 54.2958 -3.18426 -0.264291 
21.5515 -0.0166306 54.3922 -3.21045 -0.265967 
21.4705 -0.0167564 54.4886 -3.23679 -0.267655 
21.3947 -0.0168753 54.5849 -3.2633 -0.269355 
21.3151 -0.0170016 54.6812 -3.28997 -0.271068 
21.235 -0.0171301 54.7775 -3.31681 -0.272793 
21.1586 -0.0172541 54.8737 -3.34381 -0.274532 
21.0788 -0.0173849 54.9698 -3.37098 -0.276283 
21.0019 -0.0175124 55.0659 -3.39832 -0.278047 
20.9237 -0.0176436 55.162 -3.42583 -0.279825 
20.8433 -0.0177801 55.258 -3.45351 -0.281616 
20.7666 -0.0179115 55.3539 -3.48137 -0.283421 
20.6868 -0.0180501 55.4498 -3.5094 -0.28524 
20.6087 -0.0181872 55.5457 -3.5376 -0.287073 
20.5299 -0.0183269 55.6415 -3.56598 -0.288919 
20.4527 -0.0184655 55.7372 -3.59453 -0.29078 
20.3745 -0.0186077 55.8329 -3.62326 -0.292656 
20.295 -0.0187537 55.9285 -3.65218 -0.294545 
20.2175 -0.0188977 56.0241 -3.68127 -0.29645 
20.1396 -0.0190443 56.1197 -3.71055 -0.298369 
20.0592 -0.0191972 56.2151 -3.74002 -0.300304 
19.9816 -0.0193465 56.3105 -3.76966 -0.302254 
19.9056 -0.0194946 56.4059 -3.79949 -0.304219 
19.823 -0.0196573 56.5012 -3.82952 -0.3062 
19.7492 -0.0198045 56.5964 -3.85973 -0.308196 
19.6692 -0.0199661 56.6916 -3.89013 -0.310209 
19.5927 -0.0201222 56.7867 -3.92072 -0.312238 
19.5117 -0.0202897 56.8817 -3.95151 -0.314282 
19.437 -0.0204459 56.9767 -3.98249 -0.316343 
19.358 -0.0206131 57.0716 -4.01366 -0.318422 
19.2779 -0.0207847 57.1664 -4.04504 -0.320517 
19.2008 -0.0209519 57.2612 -4.07661 -0.322629 
19.1246 -0.0211194 57.3559 -4.10839 -0.324758 
19.0461 -0.0212938 57.4506 -4.14037 -0.326905 
18.9685 -0.0214684 57.5451 -4.17255 -0.32907 
18.8905 -0.021646 57.6397 -4.20494 -0.331253 
18.8122 -0.0218266 57.7341 -4.23753 -0.333453 
18.7346 -0.0220078 57.8285 -4.27033 -0.335672 
18.6574 -0.0221902 57.9227 -4.30334 -0.33791 
18.5791 -0.0223777 58.0169 -4.33657 -0.340166 
18.5038 -0.0225601 58.1111 -4.37 -0.342441 
18.4262 -0.0227505 58.2051 -4.40366 -0.344736 
18.3467 -0.0229481 58.2991 -4.43752 -0.34705 
18.2693 -0.023143 58.393 -4.47161 -0.349384 
18.1947 -0.0233331 58.4868 -4.50592 -0.351738 
18.1149 -0.0235394 58.5806 -4.54044 -0.354111 
18.0401 -0.0237349 58.6742 -4.57519 -0.356505 
17.9626 -0.0239402 58.7678 -4.61017 -0.35892 
17.8851 -0.0241479 58.8613 -4.64537 -0.361356 
17.8075 -0.0243589 58.9547 -4.6808 -0.363812 
17.7332 -0.0245634 59.048 -4.71646 -0.36629 
17.6547 -0.0247824 59.1412 -4.75235 -0.36879 
17.5777 -0.025 59.2343 -4.78848 -0.371312 
17.5025 -0.0252154 59.3273 -4.82484 -0.373856 
17.4257 -0.0254381 59.4203 -4.86143 -0.376422 
17.3483 -0.0256655 59.5131 -4.89827 -0.379011 
17.2741 -0.0258866 59.6059 -4.93535 -0.381623 
17.1961 -0.026122 59.6985 -4.97267 -0.384258 
17.122 -0.0263485 59.7911 -5.01024 -0.386917 
17.0437 -0.0265911 59.8835 -5.04805 -0.3896 
16.9693 -0.0268248 59.9759 -5.08611 -0.392306 
16.8945 -0.0270629 60.0681 -5.12442 -0.395037 
16.8177 -0.0273106 60.1602 -5.16299 -0.397792 
16.743 -0.0275549 60.2523 -5.20181 -0.400573 
16.6676 -0.0278047 60.3442 -5.24088 -0.403379 
16.5899 -0.0280657 60.436 -5.28022 -0.406211 
16.5168 -0.0283149 60.5277 -5.31981 -0.409069 
16.4406 -0.0285777 60.6193 -5.35967 -0.411952 
16.3679 -0.0288323 60.7107 -5.3998 -0.414862 
16.2925 -0.0290996 60.8021 -5.44019 -0.417799 
16.2161 -0.0293747 60.8933 -5.48085 -0.420763 
16.1442 -0.0296369 60.9844 -5.52177 -0.423755 
16.0667 -0.0299233 61.0754 -5.56298 -0.426774 
15.9956 -0.0301901 61.1662 -5.60446 -0.429822 
15.9214 -0.030472 61.2569 -5.64622 -0.432898 
15.8458 -0.0307634 61.3475 -5.68825 -0.436003 
15.7715 -0.031054 61.438 -5.73057 -0.439137 
15.701 -0.0313336 61.5283 -5.77317 -0.4423 
15.6269 -0.0316316 61.6185 -5.81606 -0.445493 
15.5526 -0.0319344 61.7086 -5.85924 -0.448717 
15.4795 -0.0322369 61.7985 -5.90271 -0.451971 
15.4063 -0.0325438 61.8883 -5.94647 -0.455256 
15.3355 -0.0328448 61.9779 -5.99053 -0.458572 
15.262 -0.0331622 62.0673 -6.03489 -0.46192 
15.1896 -0.033479 62.1567 -6.07955 -0.4653 
15.1166 -0.033803 62.2458 -6.12451 -0.468713 
15.0454 -0.034124 62.3349 -6.16977 -0.472158 
14.9728 -0.0344554 62.4237 -6.21535 -0.475636 
14.904 -0.0347742 62.5124 -6.26123 -0.479147 
14.8316 -0.0351149 62.601 -6.30743 -0.482693 
14.7601 -0.0354555 62.6893 -6.35394 -0.486273 
14.6878 -0.0358054 62.7775 -6.40077 -0.489887 
14.6201 -0.036138 62.8656 -6.44791 -0.493537 
14.5481 -0.0364965 62.9534 -6.49538 -0.497222 
14.4771 -0.0368553 63.0411 -6.54318 -0.500942 
14.4103 -0.0371981 63.1286 -6.5913 -0.504699 
14.3381 -0.0375736 63.2159 -6.63976 -0.508492 
14.271 -0.0379276 63.303 -6.68854 -0.512323 
14.1994 -0.0383109 63.39 -6.73765 -0.51619 
14.1334 -0.0386697 63.4767 -6.78711 -0.520095 
14.0641 -0.0390518 63.5633 -6.83691 -0.524039 
13.9951 -0.039438 63.6496 -6.88704 -0.528022 
13.927 -0.0398242 63.7358 -6.93752 -0.532043 
13.8597 -0.0402123 63.8217 -6.98836 -0.536103 
13.793 -0.0406021 63.9075 -7.03953 -0.540204 
13.724 -0.041011 63.993 -7.09107 -0.544344 
13.6593 -0.0414008 64.0783 -7.14296 -0.548524 
13.5933 -0.0418037 64.1634 -7.1952 -0.552747 
13.5254 -0.0422245 64.2483 -7.24781 -0.55701 
13.4615 -0.0426263 64.3329 -7.30077 -0.561314 
13.3955 -0.0430477 64.4173 -7.35411 -0.565661 
13.3304 -0.0434691 64.5015 -7.40781 -0.570051 
13.2652 -0.043897 64.5855 -7.46188 -0.574483 
13.2014 -0.0443226 64.6692 -7.51633 -0.578958 
13.1382 -0.04475 64.7526 -7.57116 -0.583478 
13.0735 -0.045194 64.8358 -7.62636 -0.58804 
13.0114 -0.0456268 64.9188 -7.68193 -0.592648 
12.9477 -0.0460762 65.0015 -7.7379 -0.5973 
12.886 -0.046519 65.0839 -7.79425 -0.601997 
12.8232 -0.0469756 65.1661 -7.85099 -0.606738 
12.7642 -0.0474107 65.248 -7.90812 -0.611526 
12.7014 -0.0478804 65.3296 -7.96564 -0.616361 
12.6404 -0.0483441 65.4109 -8.02356 -0.621242 
12.5803 -0.0488067 65.492 -8.08188 -0.626168 
12.5219 -0.0492632 65.5727 -8.14059 -0.631142 
12.4618 -0.0497395 65.6532 -8.19971 -0.636163 
12.4028 -0.0502139 65.7334 -8.25924 -0.641232 
12.345 -0.0506854 65.8132 -8.31917 -0.646348 
12.2875 -0.0511605 65.8928 -8.37951 -0.651512 
12.2305 -0.0516385 65.972 -8.44027 -0.656724 
12.1733 -0.0521249 66.0509 -8.50144 -0.661985 
12.1173 -0.0526083 66.1295 -8.56302 -0.667295 
12.061 -0.0531006 66.2078 -8.62503 -0.672653 
12.0075 -0.053575 66.2857 -8.68745 -0.67806 
11.9522 -0.0540715 66.3633 -8.7503 -0.683516 
11.898 -0.0545651 66.4406 -8.81357 -0.689021 
11.8453 -0.0550514 66.5175 -8.87727 -0.694577 
11.7913 -0.0555575 66.594 -8.94139 -0.700181 
11.7402 -0.0560421 66.6702 -9.00595 -0.705835 
11.6884 -0.0565398 66.746 -9.07093 -0.711538 
11.6386 -0.057025 66.8214 -9.13636 -0.717292 
11.5863 -0.0575411 66.8965 -9.20222 -0.723094 
11.5378 -0.0580251 66.9712 -9.26851 -0.728946 
11.4895 -0.0585145 67.0454 -9.33524 -0.734848 
11.4404 -0.0590181 67.1193 -9.40241 -0.740799 
11.3922 -0.0595176 67.1928 -9.47002 -0.746799 
11.3465 -0.0599986 67.2659 -9.53808 -0.752848 
11.3002 -0.0604916 67.3386 -9.60657 -0.758947 
11.2539 -0.0609905 67.4108 -9.67551 -0.765095 
11.2097 -0.0614715 67.4826 -9.7449 -0.771289 
11.1673 -0.06194 67.554 -9.81473 -0.777533 
11.1221 -0.0624442 67.625 -9.88501 -0.783825 
11.0802 -0.0629169 67.6955 -9.95574 -0.790163 
11.0393 -0.0633842 67.7655 -10.0269 -0.79655 
10.997 -0.0638723 67.8351 -10.0985 -0.802984 
10.9574 -0.0643349 67.9042 -10.1706 -0.809463 
10.9191 -0.0647879 67.9729 -10.2431 -0.815987 
10.8808 -0.0652438 68.0411 -10.3161 -0.822557 
10.8431 -0.0656992 68.1088 -10.3895 -0.82917 
10.8073 -0.0661343 68.176 -10.4634 -0.835831 
10.7691 -0.0666052 68.2427 -10.5377 -0.842532 
10.7362 -0.0670135 68.3089 -10.6125 -0.849277 
10.7017 -0.0674462 68.3746 -10.6877 -0.856064 
10.6683 -0.0678688 68.4399 -10.7633 -0.862891 
10.6369 -0.0682712 68.5045 -10.8394 -0.869757 
10.6063 -0.0686646 68.5687 -10.916 -0.876665 
10.5744 -0.0690806 68.6324 -10.993 -0.883608 
10.5477 -0.0694299 68.6954 -11.0704 -0.890592 
10.5172 -0.0698334 68.758 -11.1483 -0.897608 
10.4924 -0.0701642 68.82 -11.2266 -0.904664 
10.4632 -0.0705564 68.8814 -11.3054 -0.911751 
10.4397 -0.0708747 68.9424 -11.3845 -0.91887 
10.4169 -0.0711852 69.0027 -11.4642 -0.926023 
10.3918 -0.0715286 69.0624 -11.5442 -0.933205 
10.3705 -0.071823 69.1216 -11.6247 -0.940417 
10.3489 -0.072124 69.1802 -11.7056 -0.947657 
10.3291 -0.0724 69.2382 -11.787 -0.954922 
10.3112 -0.0726515 69.2956 -11.8687 -0.962213 
10.2935 -0.0729024 69.3524 -11.9509 -0.969527 
10.2768 -0.0731391 69.4087 -12.0335 -0.976863 
10.2611 -0.0733626 69.4643 -12.1165 -0.98422 
10.2467 -0.0735688 69.5192 -12.1999 -0.991594 
10.2345 -0.0737441 69.5736 -12.2837 -0.998986 
10.2222 -0.0739217 69.6274 -12.368 -1.00639 
10.2132 -0.0740528 69.6805 -12.4526 -1.01381 
10.202 -0.0742149 69.7331 -12.5376 -1.02125 
10.1925 -0.0743544 69.7849 -12.623 -1.02869 
10.1877 -0.0744236 69.8362 -12.7088 -1.03614 
10.1813 -0.0745177 69.8867 -12.795 -1.0436 
10.177 -0.0745809 69.9367 -12.8815 -1.05107 
10.1726 -0.0746453 69.986 -12.9685 -1.05853 
10.1727 -0.0746429 70.0347 -13.0558 -1.066 
10.1701 -0.0746822 70.0827 -13.1434 -1.07346 
10.1723 -0.07465 70.1301 -13.2314 -1.08093 
10.173 -0.0746393 70.1767 -13.3198 -1.08839 
10.1764 -0.0745893 70.2227 -13.4085 -1.09584 
10.1819 -0.0745094 70.2681 -13.4976 -1.10328 
10.1879 -0.0744212 70.3129 -13.587 -1.11071 
10.1934 -0.0743413 70.3569 -13.6767 -1.11813 
10.2016 -0.0742209 70.4003 -13.7668 -1.12554 
10.2131 -0.074054 70.443 -13.8571 -1.13293 
10.2252 -0.0738788 70.4851 -13.9478 -1.1403 
10.2368 -0.0737119 70.5265 -14.0388 -1.14765 
10.2525 -0.0734854 70.5672 -14.1301 -1.15497 
10.2679 -0.073266 70.6072 -14.2217 -1.16228 
10.2826 -0.0730562 70.6466 -14.3136 -1.16956 
10.3005 -0.0728023 70.6854 -14.4058 -1.17681 
10.324 -0.0724721 70.7234 -14.4983 -1.18403 
10.3444 -0.072186 70.7608 -14.591 -1.19122 
10.3646 -0.0719047 70.7975 -14.684 -1.19837 
10.3915 -0.0715327 70.8335 -14.7773 -1.20549 
10.4155 -0.0712037 70.8689 -14.8708 -1.21257 
10.4451 -0.0708008 70.9036 -14.9646 -1.21961 
10.4733 -0.0704205 70.9377 -15.0586 -1.22661 
10.5047 -0.0699997 70.9711 -15.1528 -1.23357 
10.533 -0.0696242 71.0039 -15.2473 -1.24049 
10.57 -0.0691378 71.036 -15.342 -1.24736 
10.6038 -0.0686979 71.0675 -15.437 -1.25418 
10.6384 -0.0682509 71.0983 -15.5321 -1.26095 
10.6807 -0.0677121 71.1284 -15.6275 -1.26768 
10.7184 -0.0672364 71.158 -15.723 -1.27435 
10.7613 -0.0667012 71.1869 -15.8188 -1.28097 
10.8021 -0.0661981 71.2151 -15.9147 -1.28753 
10.8481 -0.0656378 71.2428 -16.0108 -1.29404 
10.8968 -0.0650525 71.2698 -16.1071 -1.30049 
10.9447 -0.0644851 71.2962 -16.2036 -1.30688 
10.9922 -0.0639284 71.322 -16.3002 -1.31321 
11.0485 -0.0632787 71.3471 -16.397 -1.31947 
11.1009 -0.0626826 71.3717 -16.494 -1.32568 
11.153 -0.0620985 71.3957 -16.5911 -1.33182 
11.2174 -0.061388 71.4191 -16.6884 -1.33791 
11.2699 -0.060817 71.4419 -16.7858 -1.34392 
11.335 -0.0601208 71.4641 -16.8833 -1.34986 
11.3964 -0.0594747 71.4857 -16.981 -1.35574 
11.4625 -0.0587904 71.5068 -17.0788 -1.36156 
11.5279 -0.0581253 71.5273 -17.1767 -1.3673 
11.5983 -0.0574219 71.5472 -17.2747 -1.37297 
11.6717 -0.0567019 71.5666 -17.3729 -1.37857 
11.7431 -0.0560141 71.5855 -17.4711 -1.3841 
11.8195 -0.0552928 71.6037 -17.5695 -1.38955 
11.9012 -0.0545359 71.6215 -17.6679 -1.39494 
11.977 -0.053848 71.6388 -17.7664 -1.40025 
12.0599 -0.0531101 71.6555 -17.8651 -1.40548 
12.1468 -0.0523531 71.6717 -17.9638 -1.41064 
12.2374 -0.0515807 71.6874 -18.0626 -1.41573 
12.3237 -0.0508606 71.7026 -18.1615 -1.42074 
12.42 -0.0500751 71.7173 -18.2605 -1.42566 
12.5189 -0.0492871 71.7315 -18.3595 -1.43052 
12.613 -0.0485539 71.7453 -18.4586 -1.4353 
12.7159 -0.0477719 71.7586 -18.5577 -1.43999 
12.8235 -0.0469732 71.7714 -18.657 -1.44462 
12.9264 -0.0462282 71.7838 -18.7562 -1.44916 
13.0413 -0.0454175 71.7957 -18.8556 -1.45362 
13.1566 -0.0446248 71.8072 -18.955 -1.45801 
13.2743 -0.0438368 71.8182 -19.0544 -1.46231 
13.3953 -0.0430489 71.8288 -19.1539 -1.46653 
13.5217 -0.0422478 71.839 -19.2534 -1.47068 
13.657 -0.0414145 71.8488 -19.353 -1.47474 
13.79 -0.0406194 71.8582 -19.4526 -1.47872 
13.9268 -0.0398254 71.8672 -19.5522 -1.48262 
14.0729 -0.0390029 71.8759 -19.6519 -1.48644 
14.217 -0.0382161 71.8841 -19.7516 -1.49018 
14.3785 -0.0373626 71.8919 -19.8513 -1.49383 
14.5378 -0.0365484 71.8995 -19.9511 -1.49741 
14.6978 -0.0357568 71.9067 -20.0509 -1.5009 
14.8673 -0.0349462 71.9135 -20.1507 -1.50431 
15.0523 -0.0340927 71.9199 -20.2505 -1.50764 
15.2366 -0.0332725 71.9261 -20.3504 -1.51089 
15.4263 -0.0324595 71.9319 -20.4502 -1.51405 
15.6273 -0.0316298 71.9374 -20.5501 -1.51713 
15.8395 -0.0307882 71.9427 -20.65 -1.52013 
16.0547 -0.029968 71.9476 -20.75 -1.52304 
16.2884 -0.0291145 71.9522 -20.8499 -1.52587 
16.521 -0.0283003 71.9565 -20.9498 -1.52861 
16.7738 -0.0274539 71.9606 -21.0498 -1.53128 
16.71 -0.026648 71.9645 -21.1498 -1.53385 
16.4464 -0.0257564 71.968 -21.2497 -1.53635 
16.1773 -0.0249565 71.9713 -21.3497 -1.53876 
15.9026 -0.0241065 71.9745 -21.4497 -1.54108 
15.622 -0.0232267 71.9773 -21.5497 -1.54332 
15.335 -0.0224006 71.9799 -21.6497 -1.54548 
15.0414 -0.0215614 71.9823 -21.7497 -1.54754 
14.7406 -0.0206733 71.9846 -21.8497 -1.54953 
14.4323 -0.01984 71.9866 -21.9497 -1.55143 
14.116 -0.0189757 71.9885 -22.0497 -1.55324 
13.791 -0.0181293 71.9902 -22.1497 -1.55496 
13.4567 -0.0172377 71.9916 -22.2497 -1.5566 
13.1124 -0.016396 71.993 -22.3498 -1.55816 
12.7574 -0.0155258 71.9942 -22.4498 -1.55962 
12.3905 -0.0146234 71.9952 -22.5498 -1.56099 
12.0107 -0.0137568 71.9961 -22.6498 -1.56228 
11.6168 -0.0129092 71.9969 -22.7498 -1.56348 
11.2072 -0.0119793 71.9976 -22.8498 -1.56459 
10.7801 -0.011102 71.9981 -22.9499 -1.56561 
10.3333 -0.0102091 71.9986 -23.0499 -1.56654 
9.86405 -0.00926852 71.999 -23.1499 -1.56738 
9.36892 -0.00844717 71.9993 -23.2499 -1.56813 
8.84383 -0.00749111 71.9995 -23.3499 -1.56879 
8.28267 -0.00658751 71.9998 -23.4499 -1.56936 
7.67766 -0.0056529 71.9999 -23.5499 -1.56983 
7.01734 -0.00469923 71.9999 -23.6499 -1.57021 
6.28417 -0.00383377 72 -23.7499 -1.5705 
5.4492 -0.00286579 72 -23.8499 -1.57069 
4.45493 -0.001899 72 -23.9499 -1.57078 
3.15405 -0.000966787 72 -24 -1.5708 
0 0 72 -24 -1.5708 
